waypoints:
- number: 1
  x: -1.25
  y: 10.200000000000001
  angle_degrees: 0.0
  angle_radians: 0.0
- number: 2
  x: 1.1500000000000001
  y: 7.0
  angle_degrees: -2.1610794882263713
  angle_radians: -0.03771795246686421
- number: 3
  x: 5.45
  y: 7.4
  angle_degrees: 0.0
  angle_radians: 0.0
